
0,11 : 1
0,25 : 2
0,37 : 1
0,40 : 1
0,46 : 1
1,0 : 1
1,25 : 1
1,30 : 1
1,31 : 1
1,42 : 1
1,56 : 1
1,58 : 1
1,64 : 1
1,66 : 1
10,17 : 1
10,43 : 1
10,44 : 1
10,45 : 1
10,49 : 1
10,57 : 1
10,60 : 1
10,69 : 1
10,73 : 1
11,13 : 1
11,2 : 1
11,21 : 1
11,26 : 1
11,30 : 1
11,39 : 1
11,41 : 1
11,47 : 1
11,48 : 1
11,63 : 1
11,64 : 1
11,65 : 1
11,66 : 1
11,71 : 1
11,74 : 1
12,21 : 1
12,22 : 1
12,30 : 1
12,33 : 1
12,49 : 1
12,54 : 1
13,16 : 1
13,22 : 1
13,28 : 1
13,3 : 1
13,33 : 1
13,40 : 1
13,47 : 3
13,49 : 3
13,60 : 1
13,64 : 2
13,67 : 1
13,75 : 3
13,81 : 1
13,82 : 1
13,9 : 1
14,21 : 3
14,35 : 1
14,45 : 1
14,47 : 1
14,53 : 1
14,64 : 1
14,78 : 1
14,81 : 3
14,82 : 1
15,10 : 1
15,13 : 1
15,16 : 1
15,4 : 1
15,43 : 1
15,56 : 1
15,59 : 3
15,78 : 3
16,10 : 1
16,12 : 1
16,44 : 2
16,56 : 1
16,82 : 1
17,21 : 1
17,32 : 1
17,36 : 1
17,4 : 1
17,5 : 1
17,52 : 1
17,54 : 1
17,67 : 1
17,7 : 1
17,73 : 1
17,74 : 1
18,10 : 1
18,19 : 1
18,27 : 1
18,28 : 2
18,39 : 1
18,44 : 1
18,46 : 1
18,68 : 3
18,72 : 1
19,0 : 2
19,1 : 1
19,26 : 1
19,43 : 1
19,47 : 1
19,48 : 3
19,49 : 2
19,62 : 1
19,64 : 1
19,81 : 1
2,11 : 1
2,29 : 3
2,55 : 3
2,59 : 1
2,6 : 1
2,60 : 4
2,65 : 1
2,66 : 2
2,80 : 1
20,13 : 1
20,14 : 1
20,19 : 1
20,23 : 1
20,40 : 1
20,42 : 1
20,51 : 1
20,63 : 1
20,71 : 2
20,9 : 1
21,11 : 1
21,12 : 1
21,15 : 1
21,19 : 2
21,26 : 1
21,32 : 1
21,40 : 1
21,5 : 1
21,51 : 1
21,59 : 1
21,60 : 1
21,68 : 1
21,70 : 2
21,72 : 1
21,8 : 2
21,80 : 1
22,0 : 1
22,14 : 1
22,21 : 1
22,35 : 1
22,57 : 1
22,58 : 1
22,60 : 1
22,63 : 1
22,64 : 1
22,76 : 1
23,18 : 1
23,24 : 1
23,25 : 1
23,32 : 1
23,35 : 1
23,57 : 1
23,67 : 1
23,73 : 1
23,74 : 1
24,26 : 1
24,3 : 1
24,30 : 1
24,41 : 1
24,50 : 1
24,55 : 1
24,61 : 3
25,11 : 1
25,12 : 1
25,20 : 1
25,26 : 1
25,35 : 1
25,36 : 1
25,38 : 1
25,6 : 1
25,62 : 1
25,63 : 1
25,64 : 2
25,65 : 1
25,79 : 1
25,8 : 1
25,9 : 1
26,13 : 1
26,14 : 1
26,19 : 1
26,23 : 1
26,28 : 1
26,30 : 1
26,45 : 1
26,48 : 1
26,54 : 1
26,57 : 1
26,59 : 1
26,62 : 1
26,63 : 1
26,68 : 1
26,76 : 1
26,77 : 1
26,78 : 1
26,79 : 1
26,8 : 1
27,12 : 1
27,39 : 1
27,66 : 1
28,13 : 1
28,26 : 1
28,41 : 1
28,72 : 1
28,74 : 1
28,76 : 2
29,11 : 1
29,13 : 3
29,21 : 1
29,24 : 3
29,40 : 4
29,49 : 1
29,60 : 1
3,16 : 1
3,22 : 1
3,26 : 2
3,36 : 3
3,43 : 1
3,67 : 1
30,12 : 1
30,22 : 1
30,31 : 1
30,35 : 1
30,37 : 1
30,4 : 1
30,5 : 1
30,52 : 1
30,54 : 1
30,65 : 1
30,71 : 3
30,73 : 1
31,13 : 1
31,14 : 1
31,19 : 1
31,21 : 1
31,30 : 1
31,5 : 1
31,54 : 2
31,64 : 1
31,76 : 1
31,78 : 1
32,1 : 1
32,11 : 1
32,14 : 3
32,24 : 1
32,26 : 1
32,30 : 1
32,44 : 1
32,50 : 1
32,51 : 1
33,21 : 1
33,25 : 1
33,30 : 1
33,40 : 1
33,49 : 1
33,57 : 1
33,66 : 1
33,70 : 1
34,18 : 1
34,25 : 2
34,28 : 1
34,32 : 1
34,45 : 1
34,46 : 1
34,51 : 1
34,54 : 1
34,60 : 2
34,62 : 1
34,66 : 2
34,75 : 1
35,1 : 1
35,32 : 1
35,50 : 2
35,57 : 1
35,8 : 1
36,13 : 1
36,15 : 1
36,47 : 1
36,5 : 3
36,66 : 1
36,75 : 1
36,79 : 1
37,0 : 1
37,13 : 1
37,19 : 1
37,20 : 1
37,26 : 1
37,29 : 1
37,30 : 1
37,44 : 1
37,47 : 1
37,5 : 1
37,60 : 1
38,1 : 1
38,34 : 1
38,45 : 1
38,55 : 1
38,72 : 1
38,77 : 1
39,11 : 1
39,14 : 1
39,17 : 1
39,2 : 1
39,47 : 1
39,60 : 1
39,65 : 1
4,20 : 1
4,23 : 1
4,34 : 1
4,43 : 1
4,51 : 1
4,56 : 1
4,58 : 1
4,6 : 1
4,62 : 1
4,66 : 1
4,74 : 1
40,2 : 3
40,22 : 1
40,25 : 1
40,30 : 1
40,39 : 1
40,4 : 1
40,49 : 1
40,51 : 1
40,61 : 1
40,63 : 1
40,65 : 2
40,78 : 1
40,80 : 1
40,9 : 1
41,10 : 1
41,23 : 1
41,43 : 1
41,60 : 1
41,68 : 1
41,72 : 1
41,80 : 1
41,81 : 1
42,13 : 1
42,19 : 2
42,24 : 1
42,35 : 1
42,38 : 1
42,4 : 1
42,49 : 1
42,5 : 1
42,60 : 1
42,66 : 1
42,68 : 1
42,70 : 3
42,80 : 2
43,15 : 1
43,18 : 1
43,19 : 1
43,26 : 1
43,4 : 1
43,47 : 1
43,48 : 1
43,59 : 1
43,60 : 1
43,66 : 2
43,68 : 1
43,71 : 1
43,79 : 1
43,80 : 1
44,10 : 1
44,16 : 1
44,26 : 1
44,29 : 1
44,30 : 1
44,31 : 1
44,38 : 1
44,48 : 2
44,54 : 1
44,73 : 1
45,24 : 1
45,42 : 1
45,53 : 1
45,58 : 1
45,63 : 1
45,73 : 1
45,74 : 1
45,75 : 1
45,78 : 1
46,17 : 1
46,20 : 2
46,32 : 1
46,43 : 1
46,49 : 1
46,64 : 1
46,67 : 1
46,7 : 1
47,12 : 1
47,14 : 1
47,17 : 3
47,19 : 2
47,33 : 1
47,40 : 1
47,43 : 2
47,44 : 2
47,45 : 1
47,51 : 1
47,53 : 1
47,60 : 2
47,68 : 1
47,77 : 1
47,78 : 1
48,13 : 2
48,3 : 1
48,31 : 1
48,42 : 2
48,50 : 1
48,54 : 2
48,62 : 3
48,66 : 1
48,67 : 1
49,1 : 3
49,31 : 1
49,32 : 1
49,33 : 1
49,41 : 1
49,48 : 1
49,51 : 1
49,62 : 1
49,75 : 6
49,78 : 1
5,17 : 1
5,23 : 1
5,24 : 1
5,25 : 1
5,3 : 1
5,36 : 1
5,37 : 1
5,38 : 1
5,40 : 1
5,43 : 1
5,47 : 3
5,48 : 3
5,49 : 7
5,54 : 1
5,79 : 1
50,34 : 1
50,40 : 1
50,57 : 1
50,6 : 1
50,61 : 1
50,66 : 1
50,71 : 1
50,80 : 1
51,10 : 1
51,20 : 1
51,41 : 1
51,42 : 1
51,53 : 1
51,62 : 1
51,65 : 1
51,69 : 1
51,70 : 1
51,76 : 1
52,62 : 1
52,70 : 1
52,81 : 2
52,9 : 1
53,17 : 1
53,34 : 1
53,60 : 1
53,63 : 1
53,7 : 1
53,82 : 1
54,2 : 4
54,20 : 1
54,23 : 1
54,24 : 1
54,34 : 1
54,38 : 1
54,45 : 1
54,46 : 1
54,5 : 1
54,51 : 1
54,55 : 2
54,57 : 1
54,63 : 1
54,69 : 1
54,70 : 2
54,79 : 1
54,9 : 1
55,16 : 1
55,19 : 1
55,20 : 1
55,34 : 1
55,37 : 1
55,39 : 1
55,52 : 1
55,61 : 1
55,9 : 3
56,19 : 1
56,22 : 1
56,31 : 1
56,4 : 1
56,50 : 1
56,55 : 1
56,63 : 1
56,67 : 1
57,19 : 1
57,2 : 1
57,20 : 1
57,22 : 1
57,28 : 1
57,30 : 1
57,34 : 2
57,37 : 1
57,4 : 1
57,40 : 1
57,56 : 1
57,65 : 1
57,69 : 1
58,18 : 1
58,4 : 1
58,48 : 1
58,56 : 2
58,68 : 1
58,80 : 1
58,9 : 1
59,18 : 3
59,34 : 1
59,41 : 1
59,44 : 1
59,48 : 1
59,67 : 2
59,77 : 1
59,78 : 1
6,1 : 1
6,13 : 1
6,17 : 1
6,22 : 1
6,31 : 1
6,33 : 1
6,46 : 1
6,49 : 1
6,58 : 1
6,60 : 1
6,80 : 1
60,13 : 1
60,14 : 1
60,16 : 1
60,18 : 1
60,2 : 1
60,21 : 2
60,25 : 1
60,26 : 1
60,29 : 4
60,34 : 1
60,38 : 1
60,42 : 1
60,5 : 1
60,53 : 1
60,59 : 1
60,63 : 2
60,75 : 1
60,81 : 1
61,16 : 1
61,25 : 1
61,34 : 1
61,39 : 1
61,40 : 1
61,42 : 3
61,47 : 1
61,51 : 1
62,13 : 5
62,18 : 1
62,2 : 1
62,21 : 1
62,31 : 1
62,32 : 3
62,37 : 1
62,64 : 2
62,72 : 1
62,82 : 1
62,9 : 1
63,1 : 1
63,14 : 1
63,18 : 1
63,25 : 1
63,42 : 2
63,5 : 1
63,58 : 1
63,6 : 1
63,66 : 1
63,68 : 1
63,79 : 3
63,81 : 1
64,1 : 1
64,14 : 1
64,2 : 1
64,23 : 1
64,29 : 1
64,38 : 1
64,43 : 2
64,5 : 1
64,52 : 1
64,57 : 1
64,58 : 1
64,59 : 1
64,61 : 1
64,63 : 1
64,69 : 1
64,74 : 1
64,81 : 1
65,26 : 1
65,37 : 1
65,41 : 1
65,43 : 1
65,45 : 1
65,60 : 1
65,68 : 1
65,7 : 1
65,72 : 1
65,79 : 1
66,18 : 1
66,23 : 1
66,47 : 1
66,49 : 1
66,5 : 9
66,62 : 4
66,64 : 2
66,68 : 1
66,73 : 1
66,77 : 1
66,80 : 1
67,11 : 2
67,33 : 1
67,37 : 1
67,42 : 1
67,53 : 1
67,57 : 2
67,6 : 1
67,63 : 1
67,71 : 1
67,79 : 1
68,11 : 1
68,13 : 1
68,25 : 1
68,3 : 3
68,46 : 1
68,50 : 1
68,54 : 1
68,57 : 1
68,62 : 1
68,69 : 1
68,77 : 1
68,80 : 1
69,1 : 1
69,10 : 1
69,15 : 1
69,40 : 1
69,46 : 1
69,70 : 1
69,74 : 1
69,76 : 1
69,79 : 1
7,3 : 1
7,30 : 1
7,34 : 1
7,45 : 1
7,47 : 1
70,1 : 1
70,21 : 1
70,26 : 1
70,47 : 2
70,66 : 3
70,73 : 1
70,75 : 1
70,8 : 1
71,11 : 2
71,16 : 1
71,3 : 1
71,4 : 1
71,55 : 1
71,60 : 1
71,73 : 2
71,75 : 1
72,11 : 1
72,31 : 1
72,37 : 1
72,42 : 1
72,54 : 1
72,55 : 1
72,57 : 1
72,64 : 1
72,69 : 1
73,14 : 1
73,23 : 1
73,25 : 1
73,30 : 1
73,31 : 1
73,36 : 1
73,47 : 1
73,6 : 1
73,62 : 1
73,8 : 1
74,10 : 1
74,11 : 1
74,19 : 1
74,21 : 1
74,54 : 1
74,56 : 1
74,59 : 1
74,61 : 1
74,81 : 1
75,1 : 1
75,26 : 1
75,29 : 3
75,43 : 1
75,48 : 1
75,5 : 1
75,54 : 7
75,55 : 1
75,67 : 1
75,74 : 1
76,2 : 1
76,20 : 1
76,4 : 1
76,52 : 1
76,58 : 1
76,59 : 1
76,65 : 1
76,66 : 1
77,10 : 1
77,25 : 1
77,42 : 1
77,44 : 1
77,47 : 1
77,59 : 1
77,64 : 1
77,66 : 1
77,67 : 1
77,7 : 1
78,0 : 1
78,19 : 1
78,2 : 3
78,26 : 2
78,3 : 1
78,34 : 1
78,36 : 1
78,47 : 1
78,69 : 1
78,8 : 1
79,21 : 1
79,25 : 1
79,27 : 1
79,28 : 1
79,42 : 1
79,57 : 1
79,6 : 1
79,63 : 1
79,7 : 1
79,75 : 1
79,77 : 1
79,81 : 1
8,15 : 3
8,24 : 1
8,32 : 1
8,33 : 1
8,34 : 1
8,37 : 1
8,5 : 1
8,6 : 1
8,62 : 1
80,1 : 1
80,13 : 1
80,17 : 2
80,22 : 1
80,25 : 1
80,32 : 1
80,5 : 1
80,6 : 1
80,66 : 2
80,72 : 1
80,75 : 1
80,77 : 1
80,82 : 1
81,11 : 1
81,15 : 1
81,21 : 2
81,22 : 1
81,23 : 1
81,39 : 1
81,42 : 1
81,61 : 1
81,68 : 1
81,8 : 3
81,82 : 1
82,15 : 1
82,22 : 1
82,35 : 1
82,40 : 1
82,42 : 1
82,44 : 1
82,9 : 1
9,15 : 3
9,21 : 1
9,34 : 1
9,41 : 1
9,44 : 1
9,46 : 2
9,48 : 1
9,6 : 1
9,70 : 1
9,8 : 1
