Node Depth ReverseDepth Opcode
0  0  0  0
1  0  0  0
2  0  0  0
3  0  0  0
4  0  0  0
5  0  0  0
6  0  0  0
7  0  0  0
8  0  0  0
9  0  0  0
10  0  0  0
11  0  0  0
12  0  0  0
13  0  0  0
14  0  0  0
15  0  0  0
16  0  0  0
17  0  0  0
18  0  0  0
19  0  0  0
20  0  0  0
21  0  0  0
22  0  0  0
23  0  0  0
24  0  0  0
25  0  0  1
26  0  0  1
27  0  0  1
28  0  0  1
29  0  0  1
30  0  0  1
31  0  0  1
32  0  0  1
33  0  0  1
34  0  0  1
35  0  0  1
36  0  0  1
37  0  0  1
38  0  0  1
39  0  0  1
40  0  0  1
41  0  0  1
42  0  0  1
43  0  0  1
44  0  0  1
45  0  0  1
46  0  0  1
47  0  0  1
48  0  0  1
49  0  0  1
50  0  0  2
51  0  0  2
52  0  0  2
53  0  0  2
54  0  0  2
55  0  0  2
56  0  0  2
57  0  0  2
58  0  0  2
59  0  0  2
60  0  0  2
61  0  0  2
62  0  0  2
63  0  0  2
64  0  0  2
65  0  0  2
66  0  0  2
67  0  0  2
68  0  0  2
69  0  0  2
70  0  0  2
71  0  0  2
72  0  0  2
73  0  0  2
74  0  0  2
75  0  0  3
76  0  0  3
77  0  0  3
78  0  0  3
79  0  0  3
80  0  0  3
81  0  0  3
82  0  0  3
