Decoded pos3 → pos2 Comparison
Generated: 05/31/2026 13:22:30

=== pos3 Msg 3 decoded → pos2 Msg 2 ===
Original pos2: 242 111 10 44 3 133 214 232 113 144 131 220 41 101 110 10 100 40 241 21 244 211 4 244 34
Decoded pos2:  242 111 10 44 3 133 31 232 113 144 131 110 41 101 110 10 100 40 241 21 244 211 4 244
!!! MISMATCH DETECTED !!!

=== pos3 Msg 7 decoded → pos2 Msg 6 ===
Original pos2: 134 101 214 302 224 133 304 103 242 224 1 110 243 43 232 11 113 100 224 311 233 141 32 121 23
Decoded pos2:  134 101 214 302 224 <missing> 304 20 242 13 1 110 243 43 232 11 113 100 224 311 233 141 4 121 23
!!! MISMATCH DETECTED !!!

=== pos3 Msg 12 decoded → pos2 Msg 11 ===
Original pos2: 224 223 11 144 111 23 31 20 140 44 101 302 20 220 311 221 114 204 240 41 30 4 231 302 132
Decoded pos2:  224 223 11 144 111 23 31 20 140 44 101 212 20 220 311 221 114 204 240 41 30 4 231 302 132
!!! MISMATCH DETECTED !!!

=== pos3 Msg 17 decoded → pos2 Msg 16 ===
Original pos2: 310 302 142 303 114 100 222 33 20 144 222 224 202 311 21 231 222 23 142 32 202 240 101 43 112
Decoded pos2:  310 302 142 303 114 100 222 33 20 <missing> 222 224 202 311 21 231 222 23 142 32 202 240 101 43 112
!!! MISMATCH DETECTED !!!

=== pos3 Msg 22 decoded → pos2 Msg 21 ===
Original pos2: 130 230 140 300 210 124 220 132 23 3 42 212 2 11 213 14 240 1 213 211 223 233 100 304 12
Decoded pos2:  130 230 140 300 210 124 220 132 23 3 42 212 2 11 213 14 240 1 213 211 223 233 100 304 12
OK — Perfect match

=== pos3 Msg 28 decoded → pos2 Msg 27 ===
Original pos2: 110 122 101 103 131 233 212 114 201 20 234 240 13 11 141 133 33 124 142 133 30 23 113 110 120
Decoded pos2:  110 122 101 103 131 233 212 114 201 20 234 240 13 <missing> 141 133 33 124 <missing> 133 <missing> 23 113 110 120
!!! MISMATCH DETECTED !!!

=== pos3 Msg 33 decoded → pos2 Msg 32 ===
Original pos2: 21 142 140 213 233 234 304 100 123 140 243 142 233 200 114 140 303 101 304 212 4 211 42 220 33
Decoded pos2:  21 142 <missing> 213 233 234 <missing> 100 123 20 243 142 233 200 114 140 303 101 304 41 4 <missing> 42 220 33
!!! MISMATCH DETECTED !!!

=== pos3 Msg 38 decoded → pos2 Msg 37 ===
Original pos2: 311 43 44 200 212 110 241 300 101 233 204 212 211 200 241 243 24 41 13 112 101 223 10 122 34
Decoded pos2:  311 43 44 200 212 110 241 300 101 233 204 <missing> 211 <missing> 241 243 24 41 13 112 101 223 10 122 34
!!! MISMATCH DETECTED !!!

=== pos3 Msg 43 decoded → pos2 Msg 42 ===
Original pos2: 232 203 12 114 112 110 111 34 101 13 114 141 12 110 241 210 114 300 204 14 11 220 10 43 100
Decoded pos2:  232 203 12 114 112 <missing> 111 34 <missing> 13 114 141 12 110 <missing> 210 <missing> 300 204 14 11 220 <missing> <missing> 100
!!! MISMATCH DETECTED !!!

