
MsgId Field0_Flags    Field1_ModeParams      Field2_NegCore                            Field3_Footer  
----- ------------    -----------------      --------------                            -------------  
    1 310 312 130 223 311 41 34 0 130 201    230 101 24 41 240 142 134 143 132 34 143  23 142 34 144  
    5 104 21 110 202  311 41 34 0 100 101    204 40 24 41 240 142 134 143 132 34 143   23 142 34 144  
   10 234 301 202 14  143 231 310 42 224 212 130 144 303 3 31 211 34 142 130 310 11    23 224 104 144 
   15 204 114 100 121 30 211 210 40 14 13    222 23 312 14 134 104 220 203 312 132 310 10 133 241 3   
   20 131 310 23 220  23 311 42 120 200 130  124 2 214 143 111 301 2 310 300 1 211     232 21 41 13   
   26 33 34 133 34    311 132 4 222 14 141   144 112 201 301 213 4 133 142 32 232 304  41 112 134 31  
   31 33 103 301 4    114 220 223 213 310 32 204 304 300 143 204 210 34 222 224 24 142 201 240 300 10 
   36 242 210 31 312  120 212 34 1 231 33    102 124 32 244 311 124 24 303 0 100 230   133 231 224 123
   41 33 103 301 214  114 220 223 304 102 22 204 10 144 143 204 210 202 222 242 234 20 212 42 213 143 



