
MsgId Field0_HeaderVar Field1_HeaderConst Field2_Params                             Field3_Footer                      
----- ---------------- ------------------ -------------                             -------------                      
    0 200              231 10 143         222 23 300 104 44 221 132 240 231 222 112 24 311 13 30 303 2 104 23 144 1    
    4 310              231 10 143         222 23 300 104 44 221 132 240 231 222 112 24 311 13 30 303 2 104 23 144 1    
    9 121              231 10 143         222 23 300 104 44 221 132 240 231 222 112 24 311 13 30 303 2 104 23 144 1    
   14 301              231 10 144         300 204 234 141 112 1 132 220 101 143 200 310 112 44 210 221 142 22 41 22 144
   19 223              231 10 144         300 204 2 220 104 130 303 142 220 300 232 241 220 2 230 12 142 24 140 244 214
   25 114              231 10 144         300 204 43 244 21 23 103 101 34 143 232   212 122 220 114 103 244 20 32 11...
   30 102              231 10 144         300 204 2 220 104 130 2 210 14 30 214     33 233 3 121 10 142 302 134 123 1  
   35 302              231 10 144         300 204 2 220 104 130 2 210 14 30 214     33 233 3 121 10 142 220 41 310 1   
   40 113              231 10 144         300 204 2 220 104 130 2 210 14 30 214     33 233 3 121 10 142 113 41 214 134 



