
MsgId Field0_Start Field1_Core Field2_PayloadOrChecksum                                                  
----- ------------ ----------- ------------------------                                                  
    8 14           114 33      <empty>                                                                   
   13 302          100 224 221 31 134 204 201 40 223 100 21 101 140 203 220 123 114                      
   18 220          31          <empty>                                                                   
   23 303          121 142 32  4 11 32 10 121 304 223 1 224 234 30 133 4 213 211 111 24 224 213 33 134   
   24 303          234 1 0     141 40 241 243 100 120 13 44                                              
   29 221          130 42 24   120 200 221 124 21 2 231 144 201 203 32 243 121 300 244 204 44 110 204 240
   34 101          23 232 132  123 242 21 124 230 220 100 11 310 231 233 302 214 303 34                  
   39 232          122 104 41  220 24 312 134 110 4 40 132 120 1 111 204 141 40 130 110                  
   44 10           130 221 201 132 231 224 244 221 100 223 132 44 131                                    



