
MsgId Field0_Flags    Field1_RespParams       Field2_RespCore                           Field3_Footer 
----- ------------    -----------------       ---------------                           ------------- 
    3 241 4 201 131   133 310 242 204 223 304 311 30 31 134 111 110 22 113 212 103 23   224 133 143   
    7 32 41 233 23    14 141 232 212 114 222  312 30 20 243 222 2 21 230 242 122 134    20 133 233 222
   12 122 110 42 0    21 131 242 212 40 43    212 230 131 43 33 242 132 10 3 101 303    13 10 204 140 
   17 111 224 43 120  112 200 11 1 100 13     122 142 133 101 301 230 233 310 32 12 140 223 24 203 223
   22 40 34 224 2     231 243 110 241 31 22   110 230 122 40 23 42 223 33 141 224 214   131 311 312 42
   28 222 122 0 122   10 123 210 122 23 130   100 14 41 21 224 10 304 132 233 21 241    21 143 3 232  
   33 300 133 220 214 232 223 132 144 113 130 230 304 302 12 3 101 222 111 303 101 212  234 130 4 43  
   38 133 231 142 203 114 231 43 243 111 204  123 302 232 21 223 304 11 42 41 201 234   244 41 10 32  
   43 140 132 310 100 22 42 301 40 201 222    41 130 14 131 20 134 243 13 113 240 243   11 111 41 242 



