20023101014322202330010404422113224023122211202431101303030300210402314400
13103121302233110410340001302012301010240412401421341431320341430231420341
44242111010044003133214232113144131220041101110010100040241021244211004244
03424100420113113331024220422330431103003113411111002211321210302322413314
33102310101432220233001040442211322402312221120243110130303030021040231440
01104021110202311041034000100101204040024041240142134143132034143023142034
14413410121430222413330410324222400111024304323201111310022431123314103212
10230320412330230141412322121142223120300202432220020212302421221340201332
33222014114033121231010143222023300104044221132240231222112024311013030303
00210402314400123430120201414323131004222421213014430300303121103414213031
00110232241041442242230111441110230310201400441013020202203112211142042400
41030004231302132122110042000021131242212040043212230131043033242132010003
10130301301020414030210022422103113420420104022310002110114020322012311430
12310101443002042341411120011322201011432003101120442102211420220410221442
04114100121030211210040014013222023312014134104220203312132310010133241003
31030214230311410022203302014422222420231102123122202314203220224010104311
21112240431201122000110011000131221421331013012302333100320121402230242032
23220031223231010144300204002220104130303142220300232241220002230012142024
14024421413131002322002331104212020013012400221414311130100231030000121123
20210410131302301403002101242201320230030422120020112130142400012132112232
33100304012040034224002231243110241031022110230122040023042223033141224214
13131131204230312114203200401103201012130422300122423403013300421321111102
42242130331343032340010001410402412431001200130441142310101443002040432440
21023103101034143232212122220114103244020032112021033034133034311132004222
01414114411220130121300413314203223230404111213403111012210110313123321211
42010202342400130111411330331241421330300231131101202221220001220101232101
22023130100014041021224010304132233021241021143003232221130042024120200221
12402100223114420120303224312130024420404411020424010223101014430020400222
01041300022100140302140332330031210101423021341230010331033010041142202232
13310032204304300143204210034222224024142201240300010021142140213233234304
10012314024314223320011414030310130421200421104222003330013322021423222313
21441131302303043020120031012221113031012122341300040431010232321321232420
21124230220100011310231233302214303034302231010144300204002220104130002210
01403021403323300312101014222004131000124221003131212021203400123103310212
40322443111240243030001002301332312241233110430442002121102413001012332042
12211200241243024041013112101223010122034133231142203114231043243111204123
30223202122330401104204120123424404101003223212210404122002431213411000404
01321200011112041410401301101132310101443002040022201041300022100140302140
33233003121010142113041214134033103301214114220223304102022204010144143204
21020222224223402021204221314323220301211411211011103410101311414101211024
12101143002040140112200100431001401323101000220423010402012220411300141310
20134243013113240243011111041242010130221201132231224244221100223132044131
