Msg Payload
--- -------
  2 242,111,10,44,3,133,214,232,113,144,131,220,41,101,110,10,100,40,241,21,244,211,4,244,34
  6 134,101,214,302,224,133,304,103,242,224,1,110,243,43,232,11,113,100,224,311,233,141,32,121,23
 11 224,223,11,144,111,23,31,20,140,44,101,302,20,220,311,221,114,204,240,41,30,4,231,302,132
 16 310,302,142,303,114,100,222,33,20,144,222,224,202,311,21,231,222,23,142,32,202,240,101,43,112
 21 130,230,140,300,210,124,220,132,23,3,42,212,2,11,213,14,240,1,213,211,223,233,100,304,12
 27 110,122,101,103,131,233,212,114,201,20,234,240,13,11,141,133,33,124,142,133,30,23,113,110,120
 32 21,142,140,213,233,234,304,100,123,140,243,142,233,200,114,140,303,101,304,212,4,211,42,220,33
 37 311,43,44,200,212,110,241,300,101,233,204,212,211,200,241,243,24,41,13,112,101,223,10,122,34
 42 232,203,12,114,112,110,111,34,101,13,114,141,12,110,241,210,114,300,204,14,11,220,10,43,100
