Opcode Sequences by Role
Generated: 05/31/2026 12:58:36

=== pos0 ===
Msg 30: 1 2 0 1 3 2 0 2 1 1 0 2 0 0 2 0 2 0 1 0 1 3 1 1 0
Msg 25: 1 2 0 1 3 2 0 2 0 0 1 1 0 1 2 2 1 2 1 1 2 0 0 1 0
Msg 40: 1 2 0 1 3 2 0 2 1 1 0 2 0 0 2 0 2 0 1 0 1 1 0 2 1
Msg 35: 3 2 0 1 3 2 0 2 1 1 0 2 0 0 2 0 2 0 1 0 1 2 0 3 0
Msg 19: 2 2 0 1 3 2 0 2 1 1 3 1 2 3 2 2 2 0 2 0 1 0 1 2 2
Msg 4: 3 2 0 1 2 0 3 1 0 2 1 2 2 2 1 0 3 0 0 3 0 1 0 1 0
Msg 0: 2 2 0 1 2 0 3 1 0 2 1 2 2 2 1 0 3 0 0 3 0 1 0 1 0
Msg 14: 3 2 0 1 3 2 2 1 1 0 1 2 1 1 2 3 1 0 2 2 1 0 0 0 1
Msg 9: 1 2 0 1 2 0 3 1 0 2 1 2 2 2 1 0 3 0 0 3 0 1 0 1 0

=== pos1 ===
Msg 31: 0 1 3 0 1 2 2 2 3 0 2 3 3 1 2 2 0 2 2 0 1 2 2 3 0
Msg 26: 0 0 1 0 3 1 0 2 0 1 1 1 2 3 2 0 1 1 0 2 3 0 1 1 0
Msg 41: 0 1 3 2 1 2 2 3 1 0 2 0 1 1 2 2 2 2 2 2 0 2 0 2 1
Msg 36: 2 2 0 3 1 2 0 0 2 0 1 1 0 2 3 1 0 3 0 1 2 1 2 2 1
Msg 20: 1 3 0 2 0 3 0 1 2 1 1 0 2 1 1 3 0 3 3 0 2 2 0 0 0
Msg 5: 1 0 1 2 3 0 0 0 1 1 2 0 0 0 2 1 1 1 1 0 1 0 1 0 1
Msg 1: 3 3 1 2 3 0 0 0 1 2 2 1 0 0 2 1 1 1 1 0 1 0 1 0 1
Msg 15: 2 1 1 1 0 2 2 0 0 0 2 0 3 0 1 1 2 2 3 1 3 0 1 2 0
Msg 10: 2 3 2 0 1 2 3 0 2 2 1 1 3 0 0 2 0 1 1 3 0 0 2 1 1

=== pos2 ===
Msg 32: 0 1 1 2 2 2 3 1 1 1 2 1 2 2 1 1 3 1 3 2 0 2 0 2 0
Msg 27: 1 1 1 1 1 2 2 1 2 0 2 2 0 0 1 1 0 1 1 1 0 0 1 1 1
Msg 42: 2 2 0 1 1 1 1 0 1 0 1 1 0 1 2 2 1 3 2 0 0 2 0 0 1
Msg 37: 3 0 0 2 2 1 2 3 1 2 2 2 2 2 2 2 0 0 0 1 1 2 0 1 0
Msg 21: 1 2 1 3 2 1 2 1 0 0 0 2 0 0 2 0 2 0 2 2 2 2 1 3 0
Msg 6: 1 1 2 3 2 1 3 1 2 2 0 1 2 0 2 0 1 1 2 3 2 1 0 1 0
Msg 2: 2 1 0 0 0 1 2 2 1 1 1 2 0 1 1 0 1 0 2 0 2 2 0 2 0
Msg 16: 3 3 1 3 1 1 2 0 0 1 2 2 2 3 0 2 2 0 1 0 2 2 1 0 1
Msg 11: 2 2 0 1 1 0 0 0 1 0 1 3 0 2 3 2 1 2 2 0 0 0 2 3 1

=== pos3 ===
Msg 33: 3 1 2 2 2 2 1 1 1 1 2 3 3 0 0 1 2 1 3 1 2 2 1 0 0
Msg 28: 2 1 0 1 0 1 2 1 0 1 1 0 0 0 2 0 3 1 2 0 2 0 1 0 2
Msg 43: 1 1 3 1 0 0 3 0 2 2 0 1 0 1 0 1 2 0 1 2 2 0 1 0 2
Msg 38: 1 2 1 2 1 2 0 2 1 2 1 3 2 0 2 3 0 0 0 2 2 2 0 0 0
Msg 22: 0 0 2 0 2 2 1 2 0 0 1 2 1 0 0 0 2 0 1 2 2 1 3 3 0
Msg 7: 0 0 2 0 0 1 2 2 1 2 3 0 0 2 2 0 0 2 2 1 1 0 1 2 2
Msg 3: 2 0 2 1 1 3 2 2 2 3 3 0 0 1 1 1 0 1 2 1 0 2 1 1
Msg 17: 1 2 0 1 1 2 0 0 1 0 1 1 1 1 3 2 2 3 0 0 1 2 0 2 2
Msg 12: 1 1 0 0 0 1 2 2 0 0 2 2 1 0 0 2 1 0 0 1 3 0 0 2 1

=== tail ===
Msg 34: 1 0 2 1 1 2 0 1 2 2 1 0 3 2 2 3 2 3 0
Msg 29: 2 1 0 0 1 2 2 1 0 0 2 1 2 2 0 2 1 3 2 2 0 1 2 2
Msg 44: 0 1 2 2 1 2 2 2 2 1 2 1 0 1
Msg 39: 2 1 1 0 2 0 3 1 1 0 0 1 1 0 1 2 1 0 1 1
Msg 24: 3 2 0 0 1 0 2 2 1 1 0 0
Msg 13: 3 1 2 2 0 1 2 2 0 2 1 0 1 1 2 2 1 1
Msg 8: 0 1 0
Msg 23: 3 1 1 0 0 0 0 0 1 3 2 0 2 2 0 1 0 2 2 1 0 2 2 0 1
Msg 18: 2 0

