Payload Matrix (pos2 payload only)
Generated: 05/31/2026 13:24:33

Msg 2: 242 111 10 44 3 113 131 41 10 100 40 21 211
Msg 6: 134 101 214 302 224 242 1 243 11 113 100 311 141
Msg 11: 224 223 11 144 111 140 101 20 221 114 204 41 4
Msg 16: 310 302 142 303 114 20 222 202 231 222 23 32 240
Msg 21: 130 230 140 300 210 23 42 2 14 240 1 211 233
Msg 27: 110 122 101 103 131 201 234 13 133 33 124 133 23
Msg 32: 21 142 140 213 233 123 243 233 140 303 101 212 211
Msg 37: 311 43 44 200 212 101 204 211 243 24 41 112 223
Msg 42: 232 203 12 114 112 101 114 12 210 114 300 14 220
