pos2 → pos3 Transformation Analysis
Generated: 05/31/2026 13:15:26

=== pos2 Msg 2  →  pos3 Msg 3 ===
Index | pos2 | pos3 | Δ(abs) | Δ(mod5) | Δ(mod25) | Δ(mod125)
--------------------------------------------------------------
    0 |  242 |  241 |     -1 |     -1 |      -1 |       -1
    1 |  111 |    4 |   -107 |     -2 |      -7 |     -107
    2 |   10 |  201 |    191 |      1 |      16 |       66
    3 |   44 |  131 |     87 |      2 |      12 |       87
    4 |    3 |  133 |    130 |      0 |       5 |        5
    5 |  133 |  310 |    177 |      2 |       2 |       52
    6 |  214 |  242 |     28 |      3 |       3 |       28
    7 |  232 |  204 |    -28 |     -3 |      -3 |      -28
    8 |  113 |  223 |    110 |      0 |      10 |      110
    9 |  144 |  304 |    160 |      0 |      10 |       35
   10 |  131 |  311 |    180 |      0 |       5 |       55
   11 |  220 |   30 |   -190 |      0 |     -15 |      -65
   12 |   41 |   31 |    -10 |      0 |     -10 |      -10
   13 |  101 |  134 |     33 |      3 |       8 |       33
   14 |  110 |  111 |      1 |      1 |       1 |        1
   15 |   10 |  110 |    100 |      0 |       0 |      100
   16 |  100 |   22 |    -78 |     -3 |      -3 |      -78
   17 |   40 |  113 |     73 |      3 |      23 |       73
   18 |  241 |  212 |    -29 |     -4 |      -4 |      -29
   19 |   21 |  103 |     82 |      2 |       7 |       82
   20 |  244 |   23 |   -221 |     -1 |     -21 |      -96
   21 |  211 |  224 |     13 |      3 |      13 |       13
   22 |    4 |  133 |    129 |      4 |       4 |        4
   23 |  244 |  143 |   -101 |     -1 |      -1 |     -101

=== pos2 Msg 6  →  pos3 Msg 7 ===
Index | pos2 | pos3 | Δ(abs) | Δ(mod5) | Δ(mod25) | Δ(mod125)
--------------------------------------------------------------
    0 |  134 |   32 |   -102 |     -2 |      -2 |     -102
    1 |  101 |   41 |    -60 |      0 |     -10 |      -60
    2 |  214 |  233 |     19 |      4 |      19 |       19
    3 |  302 |   23 |   -279 |     -4 |      -4 |      -29
    4 |  224 |   14 |   -210 |      0 |     -10 |      -85
    5 |  133 |  141 |      8 |      3 |       8 |        8
    6 |  304 |  232 |    -72 |     -2 |     -22 |      -72
    7 |  103 |  212 |    109 |      4 |       9 |      109
    8 |  242 |  114 |   -128 |     -3 |      -3 |       -3
    9 |  224 |  222 |     -2 |     -2 |      -2 |       -2
   10 |    1 |  312 |    311 |      1 |      11 |       61
   11 |  110 |   30 |    -80 |      0 |      -5 |      -80
   12 |  243 |   20 |   -223 |     -3 |     -23 |      -98
   13 |   43 |  243 |    200 |      0 |       0 |       75
   14 |  232 |  222 |    -10 |      0 |     -10 |      -10
   15 |   11 |    2 |     -9 |     -4 |      -9 |       -9
   16 |  113 |   21 |    -92 |     -2 |     -17 |      -92
   17 |  100 |  230 |    130 |      0 |       5 |        5
   18 |  224 |  242 |     18 |      3 |      18 |       18
   19 |  311 |  122 |   -189 |     -4 |     -14 |      -64
   20 |  233 |  134 |    -99 |     -4 |     -24 |      -99
   21 |  141 |   20 |   -121 |     -1 |     -21 |     -121
   22 |   32 |  133 |    101 |      1 |       1 |      101
   23 |  121 |  233 |    112 |      2 |      12 |      112
   24 |   23 |  222 |    199 |      4 |      24 |       74

=== pos2 Msg 11  →  pos3 Msg 12 ===
Index | pos2 | pos3 | Δ(abs) | Δ(mod5) | Δ(mod25) | Δ(mod125)
--------------------------------------------------------------
    0 |  224 |  122 |   -102 |     -2 |      -2 |     -102
    1 |  223 |  110 |   -113 |     -3 |     -13 |     -113
    2 |   11 |   42 |     31 |      1 |       6 |       31
    3 |  144 |    0 |   -144 |     -4 |     -19 |      -19
    4 |  111 |   21 |    -90 |      0 |     -15 |      -90
    5 |   23 |  131 |    108 |      3 |       8 |      108
    6 |   31 |  242 |    211 |      1 |      11 |       86
    7 |   20 |  212 |    192 |      2 |      17 |       67
    8 |  140 |   40 |   -100 |      0 |       0 |     -100
    9 |   44 |   43 |     -1 |     -1 |      -1 |       -1
   10 |  101 |  212 |    111 |      1 |      11 |      111
   11 |  302 |  230 |    -72 |     -2 |     -22 |      -72
   12 |   20 |  131 |    111 |      1 |      11 |      111
   13 |  220 |   43 |   -177 |     -2 |      -2 |      -52
   14 |  311 |   33 |   -278 |     -3 |      -3 |      -28
   15 |  221 |  242 |     21 |      1 |      21 |       21
   16 |  114 |  132 |     18 |      3 |      18 |       18
   17 |  204 |   10 |   -194 |     -4 |     -19 |      -69
   18 |  240 |    3 |   -237 |     -2 |     -12 |     -112
   19 |   41 |  101 |     60 |      0 |      10 |       60
   20 |   30 |  303 |    273 |      3 |      23 |       23
   21 |    4 |   13 |      9 |      4 |       9 |        9
   22 |  231 |   10 |   -221 |     -1 |     -21 |      -96
   23 |  302 |  204 |    -98 |     -3 |     -23 |      -98
   24 |  132 |  140 |      8 |      3 |       8 |        8

=== pos2 Msg 16  →  pos3 Msg 17 ===
Index | pos2 | pos3 | Δ(abs) | Δ(mod5) | Δ(mod25) | Δ(mod125)
--------------------------------------------------------------
    0 |  310 |  111 |   -199 |     -4 |     -24 |      -74
    1 |  302 |  224 |    -78 |     -3 |      -3 |      -78
    2 |  142 |   43 |    -99 |     -4 |     -24 |      -99
    3 |  303 |  120 |   -183 |     -3 |      -8 |      -58
    4 |  114 |  112 |     -2 |     -2 |      -2 |       -2
    5 |  100 |  200 |    100 |      0 |       0 |      100
    6 |  222 |   11 |   -211 |     -1 |     -11 |      -86
    7 |   33 |    1 |    -32 |     -2 |      -7 |      -32
    8 |   20 |  100 |     80 |      0 |       5 |       80
    9 |  144 |   13 |   -131 |     -1 |      -6 |       -6
   10 |  222 |  122 |   -100 |      0 |       0 |     -100
   11 |  224 |  142 |    -82 |     -2 |      -7 |      -82
   12 |  202 |  133 |    -69 |     -4 |     -19 |      -69
   13 |  311 |  101 |   -210 |      0 |     -10 |      -85
   14 |   21 |  301 |    280 |      0 |       5 |       30
   15 |  231 |  230 |     -1 |     -1 |      -1 |       -1
   16 |  222 |  233 |     11 |      1 |      11 |       11
   17 |   23 |  310 |    287 |      2 |      12 |       37
   18 |  142 |   32 |   -110 |      0 |     -10 |     -110
   19 |   32 |   12 |    -20 |      0 |     -20 |      -20
   20 |  202 |  140 |    -62 |     -2 |     -12 |      -62
   21 |  240 |  223 |    -17 |     -2 |     -17 |      -17
   22 |  101 |   24 |    -77 |     -2 |      -2 |      -77
   23 |   43 |  203 |    160 |      0 |      10 |       35
   24 |  112 |  223 |    111 |      1 |      11 |      111

=== pos2 Msg 21  →  pos3 Msg 22 ===
Index | pos2 | pos3 | Δ(abs) | Δ(mod5) | Δ(mod25) | Δ(mod125)
--------------------------------------------------------------
    0 |  130 |   40 |    -90 |      0 |     -15 |      -90
    1 |  230 |   34 |   -196 |     -1 |     -21 |      -71
    2 |  140 |  224 |     84 |      4 |       9 |       84
    3 |  300 |    2 |   -298 |     -3 |     -23 |      -48
    4 |  210 |  231 |     21 |      1 |      21 |       21
    5 |  124 |  243 |    119 |      4 |      19 |      119
    6 |  220 |  110 |   -110 |      0 |     -10 |     -110
    7 |  132 |  241 |    109 |      4 |       9 |      109
    8 |   23 |   31 |      8 |      3 |       8 |        8
    9 |    3 |   22 |     19 |      4 |      19 |       19
   10 |   42 |  110 |     68 |      3 |      18 |       68
   11 |  212 |  230 |     18 |      3 |      18 |       18
   12 |    2 |  122 |    120 |      0 |      20 |      120
   13 |   11 |   40 |     29 |      4 |       4 |       29
   14 |  213 |   23 |   -190 |      0 |     -15 |      -65
   15 |   14 |   42 |     28 |      3 |       3 |       28
   16 |  240 |  223 |    -17 |     -2 |     -17 |      -17
   17 |    1 |   33 |     32 |      2 |       7 |       32
   18 |  213 |  141 |    -72 |     -2 |     -22 |      -72
   19 |  211 |  224 |     13 |      3 |      13 |       13
   20 |  223 |  214 |     -9 |     -4 |      -9 |       -9
   21 |  233 |  131 |   -102 |     -2 |      -2 |     -102
   22 |  100 |  311 |    211 |      1 |      11 |       86
   23 |  304 |  312 |      8 |      3 |       8 |        8
   24 |   12 |   42 |     30 |      0 |       5 |       30

=== pos2 Msg 27  →  pos3 Msg 28 ===
Index | pos2 | pos3 | Δ(abs) | Δ(mod5) | Δ(mod25) | Δ(mod125)
--------------------------------------------------------------
    0 |  110 |  222 |    112 |      2 |      12 |      112
    1 |  122 |  122 |      0 |      0 |       0 |        0
    2 |  101 |    0 |   -101 |     -1 |      -1 |     -101
    3 |  103 |  122 |     19 |      4 |      19 |       19
    4 |  131 |   10 |   -121 |     -1 |     -21 |     -121
    5 |  233 |  123 |   -110 |      0 |     -10 |     -110
    6 |  212 |  210 |     -2 |     -2 |      -2 |       -2
    7 |  114 |  122 |      8 |      3 |       8 |        8
    8 |  201 |   23 |   -178 |     -3 |      -3 |      -53
    9 |   20 |  130 |    110 |      0 |      10 |      110
   10 |  234 |  100 |   -134 |     -4 |      -9 |       -9
   11 |  240 |   14 |   -226 |     -1 |      -1 |     -101
   12 |   13 |   41 |     28 |      3 |       3 |       28
   13 |   11 |   21 |     10 |      0 |      10 |       10
   14 |  141 |  224 |     83 |      3 |       8 |       83
   15 |  133 |   10 |   -123 |     -3 |     -23 |     -123
   16 |   33 |  304 |    271 |      1 |      21 |       21
   17 |  124 |  132 |      8 |      3 |       8 |        8
   18 |  142 |  233 |     91 |      1 |      16 |       91
   19 |  133 |   21 |   -112 |     -2 |     -12 |     -112
   20 |   30 |  241 |    211 |      1 |      11 |       86
   21 |   23 |   21 |     -2 |     -2 |      -2 |       -2
   22 |  113 |  143 |     30 |      0 |       5 |       30
   23 |  110 |    3 |   -107 |     -2 |      -7 |     -107
   24 |  120 |  232 |    112 |      2 |      12 |      112

=== pos2 Msg 32  →  pos3 Msg 33 ===
Index | pos2 | pos3 | Δ(abs) | Δ(mod5) | Δ(mod25) | Δ(mod125)
--------------------------------------------------------------
    0 |   21 |  300 |    279 |      4 |       4 |       29
    1 |  142 |  133 |     -9 |     -4 |      -9 |       -9
    2 |  140 |  220 |     80 |      0 |       5 |       80
    3 |  213 |  214 |      1 |      1 |       1 |        1
    4 |  233 |  232 |     -1 |     -1 |      -1 |       -1
    5 |  234 |  223 |    -11 |     -1 |     -11 |      -11
    6 |  304 |  132 |   -172 |     -2 |     -22 |      -47
    7 |  100 |  144 |     44 |      4 |      19 |       44
    8 |  123 |  113 |    -10 |      0 |     -10 |      -10
    9 |  140 |  130 |    -10 |      0 |     -10 |      -10
   10 |  243 |  230 |    -13 |     -3 |     -13 |      -13
   11 |  142 |  304 |    162 |      2 |      12 |       37
   12 |  233 |  302 |     69 |      4 |      19 |       69
   13 |  200 |   12 |   -188 |     -3 |     -13 |      -63
   14 |  114 |    3 |   -111 |     -1 |     -11 |     -111
   15 |  140 |  101 |    -39 |     -4 |     -14 |      -39
   16 |  303 |  222 |    -81 |     -1 |      -6 |      -81
   17 |  101 |  111 |     10 |      0 |      10 |       10
   18 |  304 |  303 |     -1 |     -1 |      -1 |       -1
   19 |  212 |  101 |   -111 |     -1 |     -11 |     -111
   20 |    4 |  212 |    208 |      3 |       8 |       83
   21 |  211 |  234 |     23 |      3 |      23 |       23
   22 |   42 |  130 |     88 |      3 |      13 |       88
   23 |  220 |    4 |   -216 |     -1 |     -16 |      -91
   24 |   33 |   43 |     10 |      0 |      10 |       10

=== pos2 Msg 37  →  pos3 Msg 38 ===
Index | pos2 | pos3 | Δ(abs) | Δ(mod5) | Δ(mod25) | Δ(mod125)
--------------------------------------------------------------
    0 |  311 |  133 |   -178 |     -3 |      -3 |      -53
    1 |   43 |  231 |    188 |      3 |      13 |       63
    2 |   44 |  142 |     98 |      3 |      23 |       98
    3 |  200 |  203 |      3 |      3 |       3 |        3
    4 |  212 |  114 |    -98 |     -3 |     -23 |      -98
    5 |  110 |  231 |    121 |      1 |      21 |      121
    6 |  241 |   43 |   -198 |     -3 |     -23 |      -73
    7 |  300 |  243 |    -57 |     -2 |      -7 |      -57
    8 |  101 |  111 |     10 |      0 |      10 |       10
    9 |  233 |  204 |    -29 |     -4 |      -4 |      -29
   10 |  204 |  123 |    -81 |     -1 |      -6 |      -81
   11 |  212 |  302 |     90 |      0 |      15 |       90
   12 |  211 |  232 |     21 |      1 |      21 |       21
   13 |  200 |   21 |   -179 |     -4 |      -4 |      -54
   14 |  241 |  223 |    -18 |     -3 |     -18 |      -18
   15 |  243 |  304 |     61 |      1 |      11 |       61
   16 |   24 |   11 |    -13 |     -3 |     -13 |      -13
   17 |   41 |   42 |      1 |      1 |       1 |        1
   18 |   13 |   41 |     28 |      3 |       3 |       28
   19 |  112 |  201 |     89 |      4 |      14 |       89
   20 |  101 |  234 |    133 |      3 |       8 |        8
   21 |  223 |  244 |     21 |      1 |      21 |       21
   22 |   10 |   41 |     31 |      1 |       6 |       31
   23 |  122 |   10 |   -112 |     -2 |     -12 |     -112
   24 |   34 |   32 |     -2 |     -2 |      -2 |       -2

=== pos2 Msg 42  →  pos3 Msg 43 ===
Index | pos2 | pos3 | Δ(abs) | Δ(mod5) | Δ(mod25) | Δ(mod125)
--------------------------------------------------------------
    0 |  232 |  140 |    -92 |     -2 |     -17 |      -92
    1 |  203 |  132 |    -71 |     -1 |     -21 |      -71
    2 |   12 |  310 |    298 |      3 |      23 |       48
    3 |  114 |  100 |    -14 |     -4 |     -14 |      -14
    4 |  112 |   22 |    -90 |      0 |     -15 |      -90
    5 |  110 |   42 |    -68 |     -3 |     -18 |      -68
    6 |  111 |  301 |    190 |      0 |      15 |       65
    7 |   34 |   40 |      6 |      1 |       6 |        6
    8 |  101 |  201 |    100 |      0 |       0 |      100
    9 |   13 |  222 |    209 |      4 |       9 |       84
   10 |  114 |   41 |    -73 |     -3 |     -23 |      -73
   11 |  141 |  130 |    -11 |     -1 |     -11 |      -11
   12 |   12 |   14 |      2 |      2 |       2 |        2
   13 |  110 |  131 |     21 |      1 |      21 |       21
   14 |  241 |   20 |   -221 |     -1 |     -21 |      -96
   15 |  210 |  134 |    -76 |     -1 |      -1 |      -76
   16 |  114 |  243 |    129 |      4 |       4 |        4
   17 |  300 |   13 |   -287 |     -2 |     -12 |      -37
   18 |  204 |  113 |    -91 |     -1 |     -16 |      -91
   19 |   14 |  240 |    226 |      1 |       1 |      101
   20 |   11 |  243 |    232 |      2 |       7 |      107
   21 |  220 |   11 |   -209 |     -4 |      -9 |      -84
   22 |   10 |  111 |    101 |      1 |       1 |      101
   23 |   43 |   41 |     -2 |     -2 |      -2 |       -2
   24 |  100 |  242 |    142 |      2 |      17 |       17

